{
 "cells": [
  {
   "cell_type": "markdown",
   "id": "07a30ae0",
   "metadata": {},
   "source": [
    "# 06 Template Fraud Detector\n",
    "\n",
    "**Project:** Insurance Fraud Detection Assistant\n",
    "\n",
    "**Notebook:** `06-template-fraud-detector.ipynb`"
   ]
  },
  {
   "cell_type": "code",
   "execution_count": 2,
   "id": "d45505bd",
   "metadata": {},
   "outputs": [
    {
     "name": "stderr",
     "output_type": "stream",
     "text": [
      "d:\\Books\\projects-nlp-transformers-learning\\.projectnlps\\Lib\\site-packages\\sentence_transformers\\cross_encoder\\CrossEncoder.py:11: TqdmExperimentalWarning: Using `tqdm.autonotebook.tqdm` in notebook mode. Use `tqdm.tqdm` instead to force console mode (e.g. in jupyter console)\n",
      "  from tqdm.autonotebook import tqdm, trange\n"
     ]
    }
   ],
   "source": [
    "# ==========================================\n",
    "# Notebook 06\n",
    "# Template Fraud Detector\n",
    "# ==========================================\n",
    "\n",
    "import pandas as pd\n",
    "import numpy as np\n",
    "\n",
    "from sentence_transformers import SentenceTransformer\n",
    "\n",
    "from sklearn.metrics.pairwise import cosine_similarity\n",
    "\n",
    "import matplotlib.pyplot as plt\n",
    "import seaborn as sns"
   ]
  },
  {
   "cell_type": "code",
   "execution_count": 3,
   "id": "56d42db9",
   "metadata": {},
   "outputs": [],
   "source": [
    "claims_df = pd.read_csv(\"../data/insurance_claims.csv\")"
   ]
  },
  {
   "cell_type": "code",
   "execution_count": 4,
   "id": "5d30dc8b",
   "metadata": {},
   "outputs": [
    {
     "data": {
      "application/vnd.microsoft.datawrangler.viewer.v0+json": {
       "columns": [
        {
         "name": "index",
         "rawType": "int64",
         "type": "integer"
        },
        {
         "name": "claim_id",
         "rawType": "object",
         "type": "string"
        },
        {
         "name": "claimant_name",
         "rawType": "object",
         "type": "string"
        },
        {
         "name": "vehicle_vin",
         "rawType": "object",
         "type": "string"
        },
        {
         "name": "mechanic_shop",
         "rawType": "object",
         "type": "string"
        },
        {
         "name": "clinic_name",
         "rawType": "object",
         "type": "string"
        },
        {
         "name": "lawyer",
         "rawType": "object",
         "type": "string"
        },
        {
         "name": "claimant_statement",
         "rawType": "object",
         "type": "string"
        },
        {
         "name": "police_report",
         "rawType": "object",
         "type": "string"
        },
        {
         "name": "adjuster_notes",
         "rawType": "object",
         "type": "string"
        },
        {
         "name": "medical_bill",
         "rawType": "int64",
         "type": "integer"
        },
        {
         "name": "fraud_label",
         "rawType": "int64",
         "type": "integer"
        }
       ],
       "ref": "074fa56c-04da-4295-bec4-75b1167ea5d6",
       "rows": [
        [
         "0",
         "CLM001",
         "Wendy Holland",
         "FqH15433919443",
         "Rapid Auto Repair",
         "Care First Clinic",
         "Smith & Associates",
         "A vehicle rear-ended me while I was waiting at a traffic signal.",
         "Witnesses confirmed another driver caused the accident.",
         "Section international though many movement.",
         "5072",
         "0"
        ],
        [
         "1",
         "CLM002",
         "Douglas Lara",
         "acF49501195178",
         "Rapid Auto Repair",
         "Wellness Recovery Center",
         "Anderson Legal",
         "The vehicle changed lanes unexpectedly and hit my car.",
         "Police observed damage consistent with reported collision.",
         "Budget Mrs part spend middle threat smile increase.",
         "1541",
         "0"
        ],
        [
         "2",
         "CLM003",
         "Chloe Murphy",
         "xeQ24677572737",
         "Rapid Auto Repair",
         "Care First Clinic",
         "Justice Partners",
         "I was stopped at a red light when another vehicle hit me.",
         "Accident report indicates claimant followed traffic rules.",
         "Similar never box line.",
         "20226",
         "1"
        ],
        [
         "3",
         "CLM004",
         "Jodi Reynolds MD",
         "sPL40843321198",
         "Rapid Auto Repair",
         "Wellness Recovery Center",
         "Justice Partners",
         "The vehicle changed lanes unexpectedly and hit my car.",
         "Police observed damage consistent with reported collision.",
         "Section season nor political bank.",
         "7723",
         "0"
        ],
        [
         "4",
         "CLM005",
         "Elizabeth Patel",
         "mmr35740163797",
         "Prime Vehicle Repair",
         "Wellness Recovery Center",
         "Smith & Associates",
         "I was driving through an intersection when another vehicle struck my car.",
         "Witnesses confirmed another driver caused the accident.",
         "Kind compare across audience society.",
         "23376",
         "0"
        ]
       ],
       "shape": {
        "columns": 11,
        "rows": 5
       }
      },
      "text/html": [
       "<div>\n",
       "<style scoped>\n",
       "    .dataframe tbody tr th:only-of-type {\n",
       "        vertical-align: middle;\n",
       "    }\n",
       "\n",
       "    .dataframe tbody tr th {\n",
       "        vertical-align: top;\n",
       "    }\n",
       "\n",
       "    .dataframe thead th {\n",
       "        text-align: right;\n",
       "    }\n",
       "</style>\n",
       "<table border=\"1\" class=\"dataframe\">\n",
       "  <thead>\n",
       "    <tr style=\"text-align: right;\">\n",
       "      <th></th>\n",
       "      <th>claim_id</th>\n",
       "      <th>claimant_name</th>\n",
       "      <th>vehicle_vin</th>\n",
       "      <th>mechanic_shop</th>\n",
       "      <th>clinic_name</th>\n",
       "      <th>lawyer</th>\n",
       "      <th>claimant_statement</th>\n",
       "      <th>police_report</th>\n",
       "      <th>adjuster_notes</th>\n",
       "      <th>medical_bill</th>\n",
       "      <th>fraud_label</th>\n",
       "    </tr>\n",
       "  </thead>\n",
       "  <tbody>\n",
       "    <tr>\n",
       "      <th>0</th>\n",
       "      <td>CLM001</td>\n",
       "      <td>Wendy Holland</td>\n",
       "      <td>FqH15433919443</td>\n",
       "      <td>Rapid Auto Repair</td>\n",
       "      <td>Care First Clinic</td>\n",
       "      <td>Smith &amp; Associates</td>\n",
       "      <td>A vehicle rear-ended me while I was waiting at...</td>\n",
       "      <td>Witnesses confirmed another driver caused the ...</td>\n",
       "      <td>Section international though many movement.</td>\n",
       "      <td>5072</td>\n",
       "      <td>0</td>\n",
       "    </tr>\n",
       "    <tr>\n",
       "      <th>1</th>\n",
       "      <td>CLM002</td>\n",
       "      <td>Douglas Lara</td>\n",
       "      <td>acF49501195178</td>\n",
       "      <td>Rapid Auto Repair</td>\n",
       "      <td>Wellness Recovery Center</td>\n",
       "      <td>Anderson Legal</td>\n",
       "      <td>The vehicle changed lanes unexpectedly and hit...</td>\n",
       "      <td>Police observed damage consistent with reporte...</td>\n",
       "      <td>Budget Mrs part spend middle threat smile incr...</td>\n",
       "      <td>1541</td>\n",
       "      <td>0</td>\n",
       "    </tr>\n",
       "    <tr>\n",
       "      <th>2</th>\n",
       "      <td>CLM003</td>\n",
       "      <td>Chloe Murphy</td>\n",
       "      <td>xeQ24677572737</td>\n",
       "      <td>Rapid Auto Repair</td>\n",
       "      <td>Care First Clinic</td>\n",
       "      <td>Justice Partners</td>\n",
       "      <td>I was stopped at a red light when another vehi...</td>\n",
       "      <td>Accident report indicates claimant followed tr...</td>\n",
       "      <td>Similar never box line.</td>\n",
       "      <td>20226</td>\n",
       "      <td>1</td>\n",
       "    </tr>\n",
       "    <tr>\n",
       "      <th>3</th>\n",
       "      <td>CLM004</td>\n",
       "      <td>Jodi Reynolds MD</td>\n",
       "      <td>sPL40843321198</td>\n",
       "      <td>Rapid Auto Repair</td>\n",
       "      <td>Wellness Recovery Center</td>\n",
       "      <td>Justice Partners</td>\n",
       "      <td>The vehicle changed lanes unexpectedly and hit...</td>\n",
       "      <td>Police observed damage consistent with reporte...</td>\n",
       "      <td>Section season nor political bank.</td>\n",
       "      <td>7723</td>\n",
       "      <td>0</td>\n",
       "    </tr>\n",
       "    <tr>\n",
       "      <th>4</th>\n",
       "      <td>CLM005</td>\n",
       "      <td>Elizabeth Patel</td>\n",
       "      <td>mmr35740163797</td>\n",
       "      <td>Prime Vehicle Repair</td>\n",
       "      <td>Wellness Recovery Center</td>\n",
       "      <td>Smith &amp; Associates</td>\n",
       "      <td>I was driving through an intersection when ano...</td>\n",
       "      <td>Witnesses confirmed another driver caused the ...</td>\n",
       "      <td>Kind compare across audience society.</td>\n",
       "      <td>23376</td>\n",
       "      <td>0</td>\n",
       "    </tr>\n",
       "  </tbody>\n",
       "</table>\n",
       "</div>"
      ],
      "text/plain": [
       "  claim_id     claimant_name     vehicle_vin         mechanic_shop  \\\n",
       "0   CLM001     Wendy Holland  FqH15433919443     Rapid Auto Repair   \n",
       "1   CLM002      Douglas Lara  acF49501195178     Rapid Auto Repair   \n",
       "2   CLM003      Chloe Murphy  xeQ24677572737     Rapid Auto Repair   \n",
       "3   CLM004  Jodi Reynolds MD  sPL40843321198     Rapid Auto Repair   \n",
       "4   CLM005   Elizabeth Patel  mmr35740163797  Prime Vehicle Repair   \n",
       "\n",
       "                clinic_name              lawyer  \\\n",
       "0         Care First Clinic  Smith & Associates   \n",
       "1  Wellness Recovery Center      Anderson Legal   \n",
       "2         Care First Clinic    Justice Partners   \n",
       "3  Wellness Recovery Center    Justice Partners   \n",
       "4  Wellness Recovery Center  Smith & Associates   \n",
       "\n",
       "                                  claimant_statement  \\\n",
       "0  A vehicle rear-ended me while I was waiting at...   \n",
       "1  The vehicle changed lanes unexpectedly and hit...   \n",
       "2  I was stopped at a red light when another vehi...   \n",
       "3  The vehicle changed lanes unexpectedly and hit...   \n",
       "4  I was driving through an intersection when ano...   \n",
       "\n",
       "                                       police_report  \\\n",
       "0  Witnesses confirmed another driver caused the ...   \n",
       "1  Police observed damage consistent with reporte...   \n",
       "2  Accident report indicates claimant followed tr...   \n",
       "3  Police observed damage consistent with reporte...   \n",
       "4  Witnesses confirmed another driver caused the ...   \n",
       "\n",
       "                                      adjuster_notes  medical_bill  \\\n",
       "0        Section international though many movement.          5072   \n",
       "1  Budget Mrs part spend middle threat smile incr...          1541   \n",
       "2                            Similar never box line.         20226   \n",
       "3                 Section season nor political bank.          7723   \n",
       "4              Kind compare across audience society.         23376   \n",
       "\n",
       "   fraud_label  \n",
       "0            0  \n",
       "1            0  \n",
       "2            1  \n",
       "3            0  \n",
       "4            0  "
      ]
     },
     "execution_count": 4,
     "metadata": {},
     "output_type": "execute_result"
    }
   ],
   "source": [
    "claims_df.head()"
   ]
  },
  {
   "cell_type": "code",
   "execution_count": 5,
   "id": "43d1d478",
   "metadata": {},
   "outputs": [],
   "source": [
    "embedding_model = SentenceTransformer(\"sentence-transformers/all-mpnet-base-v2\")"
   ]
  },
  {
   "cell_type": "code",
   "execution_count": 6,
   "id": "9ef64295",
   "metadata": {},
   "outputs": [
    {
     "data": {
      "application/vnd.jupyter.widget-view+json": {
       "model_id": "e4bad6c7fa604092b89dfe669b0a52ca",
       "version_major": 2,
       "version_minor": 0
      },
      "text/plain": [
       "Batches:   0%|          | 0/1 [00:00<?, ?it/s]"
      ]
     },
     "metadata": {},
     "output_type": "display_data"
    }
   ],
   "source": [
    "claim_embeddings = embedding_model.encode(\n",
    "    claims_df[\"claimant_statement\"].tolist(), show_progress_bar=True\n",
    ")"
   ]
  },
  {
   "cell_type": "code",
   "execution_count": 7,
   "id": "198121d0",
   "metadata": {},
   "outputs": [
    {
     "data": {
      "text/plain": [
       "(15, 768)"
      ]
     },
     "execution_count": 7,
     "metadata": {},
     "output_type": "execute_result"
    }
   ],
   "source": [
    "claim_embeddings.shape"
   ]
  },
  {
   "cell_type": "code",
   "execution_count": 8,
   "id": "4af22d41",
   "metadata": {},
   "outputs": [],
   "source": [
    "similarity_matrix = cosine_similarity(claim_embeddings)"
   ]
  },
  {
   "cell_type": "code",
   "execution_count": 10,
   "id": "9462f032",
   "metadata": {},
   "outputs": [
    {
     "data": {
      "application/vnd.microsoft.datawrangler.viewer.v0+json": {
       "columns": [
        {
         "name": "index",
         "rawType": "int64",
         "type": "integer"
        },
        {
         "name": "0",
         "rawType": "float32",
         "type": "float"
        },
        {
         "name": "1",
         "rawType": "float32",
         "type": "float"
        },
        {
         "name": "2",
         "rawType": "float32",
         "type": "float"
        },
        {
         "name": "3",
         "rawType": "float32",
         "type": "float"
        },
        {
         "name": "4",
         "rawType": "float32",
         "type": "float"
        },
        {
         "name": "5",
         "rawType": "float32",
         "type": "float"
        },
        {
         "name": "6",
         "rawType": "float32",
         "type": "float"
        },
        {
         "name": "7",
         "rawType": "float32",
         "type": "float"
        },
        {
         "name": "8",
         "rawType": "float32",
         "type": "float"
        },
        {
         "name": "9",
         "rawType": "float32",
         "type": "float"
        },
        {
         "name": "10",
         "rawType": "float32",
         "type": "float"
        },
        {
         "name": "11",
         "rawType": "float32",
         "type": "float"
        },
        {
         "name": "12",
         "rawType": "float32",
         "type": "float"
        },
        {
         "name": "13",
         "rawType": "float32",
         "type": "float"
        },
        {
         "name": "14",
         "rawType": "float32",
         "type": "float"
        }
       ],
       "ref": "9028b72d-67e3-45f4-8a65-5d6db22bc598",
       "rows": [
        [
         "0",
         "0.99999994",
         "0.7147999",
         "0.76184785",
         "0.7147999",
         "0.74806726",
         "0.4333124",
         "0.74806726",
         "0.64663863",
         "0.71606314",
         "0.74806726",
         "0.4333124",
         "0.71606314",
         "0.99999994",
         "0.64663863",
         "0.74806726"
        ],
        [
         "1",
         "0.7147999",
         "1.0000001",
         "0.6988872",
         "1.0000001",
         "0.8636609",
         "0.5032761",
         "0.8636609",
         "0.68140835",
         "0.77724594",
         "0.8636609",
         "0.5032761",
         "0.77724594",
         "0.7147999",
         "0.68140835",
         "0.8636609"
        ],
        [
         "2",
         "0.76184785",
         "0.6988872",
         "0.9999999",
         "0.6988872",
         "0.7532312",
         "0.4319576",
         "0.7532312",
         "0.63782406",
         "0.6742158",
         "0.7532312",
         "0.4319576",
         "0.6742158",
         "0.76184785",
         "0.63782406",
         "0.7532312"
        ],
        [
         "3",
         "0.7147999",
         "1.0000001",
         "0.6988872",
         "1.0000001",
         "0.8636609",
         "0.5032761",
         "0.8636609",
         "0.68140835",
         "0.77724594",
         "0.8636609",
         "0.5032761",
         "0.77724594",
         "0.7147999",
         "0.68140835",
         "0.8636609"
        ],
        [
         "4",
         "0.74806726",
         "0.8636609",
         "0.7532312",
         "0.8636609",
         "1.0000002",
         "0.58850694",
         "1.0000002",
         "0.6921336",
         "0.74016225",
         "1.0000002",
         "0.58850694",
         "0.74016225",
         "0.74806726",
         "0.6921336",
         "1.0000002"
        ],
        [
         "5",
         "0.4333124",
         "0.5032761",
         "0.4319576",
         "0.5032761",
         "0.58850694",
         "1.0000001",
         "0.58850694",
         "0.4288505",
         "0.4140337",
         "0.58850694",
         "1.0000001",
         "0.4140337",
         "0.4333124",
         "0.4288505",
         "0.58850694"
        ],
        [
         "6",
         "0.74806726",
         "0.8636609",
         "0.7532312",
         "0.8636609",
         "1.0000002",
         "0.58850694",
         "1.0000002",
         "0.6921336",
         "0.74016225",
         "1.0000002",
         "0.58850694",
         "0.74016225",
         "0.74806726",
         "0.6921336",
         "1.0000002"
        ],
        [
         "7",
         "0.64663863",
         "0.68140835",
         "0.63782406",
         "0.68140835",
         "0.6921336",
         "0.4288505",
         "0.6921336",
         "0.99999994",
         "0.654495",
         "0.6921336",
         "0.4288505",
         "0.654495",
         "0.64663863",
         "0.99999994",
         "0.6921336"
        ],
        [
         "8",
         "0.71606314",
         "0.77724594",
         "0.6742158",
         "0.77724594",
         "0.74016225",
         "0.4140337",
         "0.74016225",
         "0.654495",
         "0.9999998",
         "0.74016225",
         "0.4140337",
         "0.9999998",
         "0.71606314",
         "0.654495",
         "0.74016225"
        ],
        [
         "9",
         "0.74806726",
         "0.8636609",
         "0.7532312",
         "0.8636609",
         "1.0000002",
         "0.58850694",
         "1.0000002",
         "0.6921336",
         "0.74016225",
         "1.0000002",
         "0.58850694",
         "0.74016225",
         "0.74806726",
         "0.6921336",
         "1.0000002"
        ],
        [
         "10",
         "0.4333124",
         "0.5032761",
         "0.4319576",
         "0.5032761",
         "0.58850694",
         "1.0000001",
         "0.58850694",
         "0.4288505",
         "0.4140337",
         "0.58850694",
         "1.0000001",
         "0.4140337",
         "0.4333124",
         "0.4288505",
         "0.58850694"
        ],
        [
         "11",
         "0.71606314",
         "0.77724594",
         "0.6742158",
         "0.77724594",
         "0.74016225",
         "0.4140337",
         "0.74016225",
         "0.654495",
         "0.9999998",
         "0.74016225",
         "0.4140337",
         "0.9999998",
         "0.71606314",
         "0.654495",
         "0.74016225"
        ],
        [
         "12",
         "0.99999994",
         "0.7147999",
         "0.76184785",
         "0.7147999",
         "0.74806726",
         "0.4333124",
         "0.74806726",
         "0.64663863",
         "0.71606314",
         "0.74806726",
         "0.4333124",
         "0.71606314",
         "0.99999994",
         "0.64663863",
         "0.74806726"
        ],
        [
         "13",
         "0.64663863",
         "0.68140835",
         "0.63782406",
         "0.68140835",
         "0.6921336",
         "0.4288505",
         "0.6921336",
         "0.99999994",
         "0.654495",
         "0.6921336",
         "0.4288505",
         "0.654495",
         "0.64663863",
         "0.99999994",
         "0.6921336"
        ],
        [
         "14",
         "0.74806726",
         "0.8636609",
         "0.7532312",
         "0.8636609",
         "1.0000002",
         "0.58850694",
         "1.0000002",
         "0.6921336",
         "0.74016225",
         "1.0000002",
         "0.58850694",
         "0.74016225",
         "0.74806726",
         "0.6921336",
         "1.0000002"
        ]
       ],
       "shape": {
        "columns": 15,
        "rows": 15
       }
      },
      "text/html": [
       "<div>\n",
       "<style scoped>\n",
       "    .dataframe tbody tr th:only-of-type {\n",
       "        vertical-align: middle;\n",
       "    }\n",
       "\n",
       "    .dataframe tbody tr th {\n",
       "        vertical-align: top;\n",
       "    }\n",
       "\n",
       "    .dataframe thead th {\n",
       "        text-align: right;\n",
       "    }\n",
       "</style>\n",
       "<table border=\"1\" class=\"dataframe\">\n",
       "  <thead>\n",
       "    <tr style=\"text-align: right;\">\n",
       "      <th></th>\n",
       "      <th>0</th>\n",
       "      <th>1</th>\n",
       "      <th>2</th>\n",
       "      <th>3</th>\n",
       "      <th>4</th>\n",
       "      <th>5</th>\n",
       "      <th>6</th>\n",
       "      <th>7</th>\n",
       "      <th>8</th>\n",
       "      <th>9</th>\n",
       "      <th>10</th>\n",
       "      <th>11</th>\n",
       "      <th>12</th>\n",
       "      <th>13</th>\n",
       "      <th>14</th>\n",
       "    </tr>\n",
       "  </thead>\n",
       "  <tbody>\n",
       "    <tr>\n",
       "      <th>0</th>\n",
       "      <td>1.000000</td>\n",
       "      <td>0.714800</td>\n",
       "      <td>0.761848</td>\n",
       "      <td>0.714800</td>\n",
       "      <td>0.748067</td>\n",
       "      <td>0.433312</td>\n",
       "      <td>0.748067</td>\n",
       "      <td>0.646639</td>\n",
       "      <td>0.716063</td>\n",
       "      <td>0.748067</td>\n",
       "      <td>0.433312</td>\n",
       "      <td>0.716063</td>\n",
       "      <td>1.000000</td>\n",
       "      <td>0.646639</td>\n",
       "      <td>0.748067</td>\n",
       "    </tr>\n",
       "    <tr>\n",
       "      <th>1</th>\n",
       "      <td>0.714800</td>\n",
       "      <td>1.000000</td>\n",
       "      <td>0.698887</td>\n",
       "      <td>1.000000</td>\n",
       "      <td>0.863661</td>\n",
       "      <td>0.503276</td>\n",
       "      <td>0.863661</td>\n",
       "      <td>0.681408</td>\n",
       "      <td>0.777246</td>\n",
       "      <td>0.863661</td>\n",
       "      <td>0.503276</td>\n",
       "      <td>0.777246</td>\n",
       "      <td>0.714800</td>\n",
       "      <td>0.681408</td>\n",
       "      <td>0.863661</td>\n",
       "    </tr>\n",
       "    <tr>\n",
       "      <th>2</th>\n",
       "      <td>0.761848</td>\n",
       "      <td>0.698887</td>\n",
       "      <td>1.000000</td>\n",
       "      <td>0.698887</td>\n",
       "      <td>0.753231</td>\n",
       "      <td>0.431958</td>\n",
       "      <td>0.753231</td>\n",
       "      <td>0.637824</td>\n",
       "      <td>0.674216</td>\n",
       "      <td>0.753231</td>\n",
       "      <td>0.431958</td>\n",
       "      <td>0.674216</td>\n",
       "      <td>0.761848</td>\n",
       "      <td>0.637824</td>\n",
       "      <td>0.753231</td>\n",
       "    </tr>\n",
       "    <tr>\n",
       "      <th>3</th>\n",
       "      <td>0.714800</td>\n",
       "      <td>1.000000</td>\n",
       "      <td>0.698887</td>\n",
       "      <td>1.000000</td>\n",
       "      <td>0.863661</td>\n",
       "      <td>0.503276</td>\n",
       "      <td>0.863661</td>\n",
       "      <td>0.681408</td>\n",
       "      <td>0.777246</td>\n",
       "      <td>0.863661</td>\n",
       "      <td>0.503276</td>\n",
       "      <td>0.777246</td>\n",
       "      <td>0.714800</td>\n",
       "      <td>0.681408</td>\n",
       "      <td>0.863661</td>\n",
       "    </tr>\n",
       "    <tr>\n",
       "      <th>4</th>\n",
       "      <td>0.748067</td>\n",
       "      <td>0.863661</td>\n",
       "      <td>0.753231</td>\n",
       "      <td>0.863661</td>\n",
       "      <td>1.000000</td>\n",
       "      <td>0.588507</td>\n",
       "      <td>1.000000</td>\n",
       "      <td>0.692134</td>\n",
       "      <td>0.740162</td>\n",
       "      <td>1.000000</td>\n",
       "      <td>0.588507</td>\n",
       "      <td>0.740162</td>\n",
       "      <td>0.748067</td>\n",
       "      <td>0.692134</td>\n",
       "      <td>1.000000</td>\n",
       "    </tr>\n",
       "    <tr>\n",
       "      <th>5</th>\n",
       "      <td>0.433312</td>\n",
       "      <td>0.503276</td>\n",
       "      <td>0.431958</td>\n",
       "      <td>0.503276</td>\n",
       "      <td>0.588507</td>\n",
       "      <td>1.000000</td>\n",
       "      <td>0.588507</td>\n",
       "      <td>0.428851</td>\n",
       "      <td>0.414034</td>\n",
       "      <td>0.588507</td>\n",
       "      <td>1.000000</td>\n",
       "      <td>0.414034</td>\n",
       "      <td>0.433312</td>\n",
       "      <td>0.428851</td>\n",
       "      <td>0.588507</td>\n",
       "    </tr>\n",
       "    <tr>\n",
       "      <th>6</th>\n",
       "      <td>0.748067</td>\n",
       "      <td>0.863661</td>\n",
       "      <td>0.753231</td>\n",
       "      <td>0.863661</td>\n",
       "      <td>1.000000</td>\n",
       "      <td>0.588507</td>\n",
       "      <td>1.000000</td>\n",
       "      <td>0.692134</td>\n",
       "      <td>0.740162</td>\n",
       "      <td>1.000000</td>\n",
       "      <td>0.588507</td>\n",
       "      <td>0.740162</td>\n",
       "      <td>0.748067</td>\n",
       "      <td>0.692134</td>\n",
       "      <td>1.000000</td>\n",
       "    </tr>\n",
       "    <tr>\n",
       "      <th>7</th>\n",
       "      <td>0.646639</td>\n",
       "      <td>0.681408</td>\n",
       "      <td>0.637824</td>\n",
       "      <td>0.681408</td>\n",
       "      <td>0.692134</td>\n",
       "      <td>0.428851</td>\n",
       "      <td>0.692134</td>\n",
       "      <td>1.000000</td>\n",
       "      <td>0.654495</td>\n",
       "      <td>0.692134</td>\n",
       "      <td>0.428851</td>\n",
       "      <td>0.654495</td>\n",
       "      <td>0.646639</td>\n",
       "      <td>1.000000</td>\n",
       "      <td>0.692134</td>\n",
       "    </tr>\n",
       "    <tr>\n",
       "      <th>8</th>\n",
       "      <td>0.716063</td>\n",
       "      <td>0.777246</td>\n",
       "      <td>0.674216</td>\n",
       "      <td>0.777246</td>\n",
       "      <td>0.740162</td>\n",
       "      <td>0.414034</td>\n",
       "      <td>0.740162</td>\n",
       "      <td>0.654495</td>\n",
       "      <td>1.000000</td>\n",
       "      <td>0.740162</td>\n",
       "      <td>0.414034</td>\n",
       "      <td>1.000000</td>\n",
       "      <td>0.716063</td>\n",
       "      <td>0.654495</td>\n",
       "      <td>0.740162</td>\n",
       "    </tr>\n",
       "    <tr>\n",
       "      <th>9</th>\n",
       "      <td>0.748067</td>\n",
       "      <td>0.863661</td>\n",
       "      <td>0.753231</td>\n",
       "      <td>0.863661</td>\n",
       "      <td>1.000000</td>\n",
       "      <td>0.588507</td>\n",
       "      <td>1.000000</td>\n",
       "      <td>0.692134</td>\n",
       "      <td>0.740162</td>\n",
       "      <td>1.000000</td>\n",
       "      <td>0.588507</td>\n",
       "      <td>0.740162</td>\n",
       "      <td>0.748067</td>\n",
       "      <td>0.692134</td>\n",
       "      <td>1.000000</td>\n",
       "    </tr>\n",
       "    <tr>\n",
       "      <th>10</th>\n",
       "      <td>0.433312</td>\n",
       "      <td>0.503276</td>\n",
       "      <td>0.431958</td>\n",
       "      <td>0.503276</td>\n",
       "      <td>0.588507</td>\n",
       "      <td>1.000000</td>\n",
       "      <td>0.588507</td>\n",
       "      <td>0.428851</td>\n",
       "      <td>0.414034</td>\n",
       "      <td>0.588507</td>\n",
       "      <td>1.000000</td>\n",
       "      <td>0.414034</td>\n",
       "      <td>0.433312</td>\n",
       "      <td>0.428851</td>\n",
       "      <td>0.588507</td>\n",
       "    </tr>\n",
       "    <tr>\n",
       "      <th>11</th>\n",
       "      <td>0.716063</td>\n",
       "      <td>0.777246</td>\n",
       "      <td>0.674216</td>\n",
       "      <td>0.777246</td>\n",
       "      <td>0.740162</td>\n",
       "      <td>0.414034</td>\n",
       "      <td>0.740162</td>\n",
       "      <td>0.654495</td>\n",
       "      <td>1.000000</td>\n",
       "      <td>0.740162</td>\n",
       "      <td>0.414034</td>\n",
       "      <td>1.000000</td>\n",
       "      <td>0.716063</td>\n",
       "      <td>0.654495</td>\n",
       "      <td>0.740162</td>\n",
       "    </tr>\n",
       "    <tr>\n",
       "      <th>12</th>\n",
       "      <td>1.000000</td>\n",
       "      <td>0.714800</td>\n",
       "      <td>0.761848</td>\n",
       "      <td>0.714800</td>\n",
       "      <td>0.748067</td>\n",
       "      <td>0.433312</td>\n",
       "      <td>0.748067</td>\n",
       "      <td>0.646639</td>\n",
       "      <td>0.716063</td>\n",
       "      <td>0.748067</td>\n",
       "      <td>0.433312</td>\n",
       "      <td>0.716063</td>\n",
       "      <td>1.000000</td>\n",
       "      <td>0.646639</td>\n",
       "      <td>0.748067</td>\n",
       "    </tr>\n",
       "    <tr>\n",
       "      <th>13</th>\n",
       "      <td>0.646639</td>\n",
       "      <td>0.681408</td>\n",
       "      <td>0.637824</td>\n",
       "      <td>0.681408</td>\n",
       "      <td>0.692134</td>\n",
       "      <td>0.428851</td>\n",
       "      <td>0.692134</td>\n",
       "      <td>1.000000</td>\n",
       "      <td>0.654495</td>\n",
       "      <td>0.692134</td>\n",
       "      <td>0.428851</td>\n",
       "      <td>0.654495</td>\n",
       "      <td>0.646639</td>\n",
       "      <td>1.000000</td>\n",
       "      <td>0.692134</td>\n",
       "    </tr>\n",
       "    <tr>\n",
       "      <th>14</th>\n",
       "      <td>0.748067</td>\n",
       "      <td>0.863661</td>\n",
       "      <td>0.753231</td>\n",
       "      <td>0.863661</td>\n",
       "      <td>1.000000</td>\n",
       "      <td>0.588507</td>\n",
       "      <td>1.000000</td>\n",
       "      <td>0.692134</td>\n",
       "      <td>0.740162</td>\n",
       "      <td>1.000000</td>\n",
       "      <td>0.588507</td>\n",
       "      <td>0.740162</td>\n",
       "      <td>0.748067</td>\n",
       "      <td>0.692134</td>\n",
       "      <td>1.000000</td>\n",
       "    </tr>\n",
       "  </tbody>\n",
       "</table>\n",
       "</div>"
      ],
      "text/plain": [
       "          0         1         2         3         4         5         6   \\\n",
       "0   1.000000  0.714800  0.761848  0.714800  0.748067  0.433312  0.748067   \n",
       "1   0.714800  1.000000  0.698887  1.000000  0.863661  0.503276  0.863661   \n",
       "2   0.761848  0.698887  1.000000  0.698887  0.753231  0.431958  0.753231   \n",
       "3   0.714800  1.000000  0.698887  1.000000  0.863661  0.503276  0.863661   \n",
       "4   0.748067  0.863661  0.753231  0.863661  1.000000  0.588507  1.000000   \n",
       "5   0.433312  0.503276  0.431958  0.503276  0.588507  1.000000  0.588507   \n",
       "6   0.748067  0.863661  0.753231  0.863661  1.000000  0.588507  1.000000   \n",
       "7   0.646639  0.681408  0.637824  0.681408  0.692134  0.428851  0.692134   \n",
       "8   0.716063  0.777246  0.674216  0.777246  0.740162  0.414034  0.740162   \n",
       "9   0.748067  0.863661  0.753231  0.863661  1.000000  0.588507  1.000000   \n",
       "10  0.433312  0.503276  0.431958  0.503276  0.588507  1.000000  0.588507   \n",
       "11  0.716063  0.777246  0.674216  0.777246  0.740162  0.414034  0.740162   \n",
       "12  1.000000  0.714800  0.761848  0.714800  0.748067  0.433312  0.748067   \n",
       "13  0.646639  0.681408  0.637824  0.681408  0.692134  0.428851  0.692134   \n",
       "14  0.748067  0.863661  0.753231  0.863661  1.000000  0.588507  1.000000   \n",
       "\n",
       "          7         8         9         10        11        12        13  \\\n",
       "0   0.646639  0.716063  0.748067  0.433312  0.716063  1.000000  0.646639   \n",
       "1   0.681408  0.777246  0.863661  0.503276  0.777246  0.714800  0.681408   \n",
       "2   0.637824  0.674216  0.753231  0.431958  0.674216  0.761848  0.637824   \n",
       "3   0.681408  0.777246  0.863661  0.503276  0.777246  0.714800  0.681408   \n",
       "4   0.692134  0.740162  1.000000  0.588507  0.740162  0.748067  0.692134   \n",
       "5   0.428851  0.414034  0.588507  1.000000  0.414034  0.433312  0.428851   \n",
       "6   0.692134  0.740162  1.000000  0.588507  0.740162  0.748067  0.692134   \n",
       "7   1.000000  0.654495  0.692134  0.428851  0.654495  0.646639  1.000000   \n",
       "8   0.654495  1.000000  0.740162  0.414034  1.000000  0.716063  0.654495   \n",
       "9   0.692134  0.740162  1.000000  0.588507  0.740162  0.748067  0.692134   \n",
       "10  0.428851  0.414034  0.588507  1.000000  0.414034  0.433312  0.428851   \n",
       "11  0.654495  1.000000  0.740162  0.414034  1.000000  0.716063  0.654495   \n",
       "12  0.646639  0.716063  0.748067  0.433312  0.716063  1.000000  0.646639   \n",
       "13  1.000000  0.654495  0.692134  0.428851  0.654495  0.646639  1.000000   \n",
       "14  0.692134  0.740162  1.000000  0.588507  0.740162  0.748067  0.692134   \n",
       "\n",
       "          14  \n",
       "0   0.748067  \n",
       "1   0.863661  \n",
       "2   0.753231  \n",
       "3   0.863661  \n",
       "4   1.000000  \n",
       "5   0.588507  \n",
       "6   1.000000  \n",
       "7   0.692134  \n",
       "8   0.740162  \n",
       "9   1.000000  \n",
       "10  0.588507  \n",
       "11  0.740162  \n",
       "12  0.748067  \n",
       "13  0.692134  \n",
       "14  1.000000  "
      ]
     },
     "execution_count": 10,
     "metadata": {},
     "output_type": "execute_result"
    }
   ],
   "source": [
    "pd.DataFrame(similarity_matrix)"
   ]
  },
  {
   "cell_type": "code",
   "execution_count": 11,
   "id": "9661a0ad",
   "metadata": {},
   "outputs": [],
   "source": [
    "similarity_pairs = []"
   ]
  },
  {
   "cell_type": "code",
   "execution_count": 12,
   "id": "efeeafbb",
   "metadata": {},
   "outputs": [],
   "source": [
    "for i in range(len(claims_df)):\n",
    "\n",
    "    for j in range(i + 1, len(claims_df)):\n",
    "\n",
    "        similarity_pairs.append(\n",
    "            {\n",
    "                \"claim_1\": claims_df.iloc[i][\"claim_id\"],\n",
    "                \"claim_2\": claims_df.iloc[j][\"claim_id\"],\n",
    "                \"claimant_1\": claims_df.iloc[i][\"claimant_name\"],\n",
    "                \"claimant_2\": claims_df.iloc[j][\"claimant_name\"],\n",
    "                \"similarity\": similarity_matrix[i][j],\n",
    "            }\n",
    "        )"
   ]
  },
  {
   "cell_type": "code",
   "execution_count": 13,
   "id": "fcecc5fa",
   "metadata": {},
   "outputs": [],
   "source": [
    "pairs_df = pd.DataFrame(similarity_pairs)"
   ]
  },
  {
   "cell_type": "code",
   "execution_count": 14,
   "id": "6d5ea06d",
   "metadata": {},
   "outputs": [
    {
     "data": {
      "application/vnd.microsoft.datawrangler.viewer.v0+json": {
       "columns": [
        {
         "name": "index",
         "rawType": "int64",
         "type": "integer"
        },
        {
         "name": "claim_1",
         "rawType": "object",
         "type": "string"
        },
        {
         "name": "claim_2",
         "rawType": "object",
         "type": "string"
        },
        {
         "name": "claimant_1",
         "rawType": "object",
         "type": "string"
        },
        {
         "name": "claimant_2",
         "rawType": "object",
         "type": "string"
        },
        {
         "name": "similarity",
         "rawType": "float32",
         "type": "float"
        }
       ],
       "ref": "ec37ef69-17e2-4e4d-acc6-9a2f0dfccbfa",
       "rows": [
        [
         "0",
         "CLM001",
         "CLM002",
         "Wendy Holland",
         "Douglas Lara",
         "0.7147999"
        ],
        [
         "1",
         "CLM001",
         "CLM003",
         "Wendy Holland",
         "Chloe Murphy",
         "0.76184785"
        ],
        [
         "2",
         "CLM001",
         "CLM004",
         "Wendy Holland",
         "Jodi Reynolds MD",
         "0.7147999"
        ],
        [
         "3",
         "CLM001",
         "CLM005",
         "Wendy Holland",
         "Elizabeth Patel",
         "0.74806726"
        ],
        [
         "4",
         "CLM001",
         "CLM006",
         "Wendy Holland",
         "Kevin Paul",
         "0.4333124"
        ]
       ],
       "shape": {
        "columns": 5,
        "rows": 5
       }
      },
      "text/html": [
       "<div>\n",
       "<style scoped>\n",
       "    .dataframe tbody tr th:only-of-type {\n",
       "        vertical-align: middle;\n",
       "    }\n",
       "\n",
       "    .dataframe tbody tr th {\n",
       "        vertical-align: top;\n",
       "    }\n",
       "\n",
       "    .dataframe thead th {\n",
       "        text-align: right;\n",
       "    }\n",
       "</style>\n",
       "<table border=\"1\" class=\"dataframe\">\n",
       "  <thead>\n",
       "    <tr style=\"text-align: right;\">\n",
       "      <th></th>\n",
       "      <th>claim_1</th>\n",
       "      <th>claim_2</th>\n",
       "      <th>claimant_1</th>\n",
       "      <th>claimant_2</th>\n",
       "      <th>similarity</th>\n",
       "    </tr>\n",
       "  </thead>\n",
       "  <tbody>\n",
       "    <tr>\n",
       "      <th>0</th>\n",
       "      <td>CLM001</td>\n",
       "      <td>CLM002</td>\n",
       "      <td>Wendy Holland</td>\n",
       "      <td>Douglas Lara</td>\n",
       "      <td>0.714800</td>\n",
       "    </tr>\n",
       "    <tr>\n",
       "      <th>1</th>\n",
       "      <td>CLM001</td>\n",
       "      <td>CLM003</td>\n",
       "      <td>Wendy Holland</td>\n",
       "      <td>Chloe Murphy</td>\n",
       "      <td>0.761848</td>\n",
       "    </tr>\n",
       "    <tr>\n",
       "      <th>2</th>\n",
       "      <td>CLM001</td>\n",
       "      <td>CLM004</td>\n",
       "      <td>Wendy Holland</td>\n",
       "      <td>Jodi Reynolds MD</td>\n",
       "      <td>0.714800</td>\n",
       "    </tr>\n",
       "    <tr>\n",
       "      <th>3</th>\n",
       "      <td>CLM001</td>\n",
       "      <td>CLM005</td>\n",
       "      <td>Wendy Holland</td>\n",
       "      <td>Elizabeth Patel</td>\n",
       "      <td>0.748067</td>\n",
       "    </tr>\n",
       "    <tr>\n",
       "      <th>4</th>\n",
       "      <td>CLM001</td>\n",
       "      <td>CLM006</td>\n",
       "      <td>Wendy Holland</td>\n",
       "      <td>Kevin Paul</td>\n",
       "      <td>0.433312</td>\n",
       "    </tr>\n",
       "  </tbody>\n",
       "</table>\n",
       "</div>"
      ],
      "text/plain": [
       "  claim_1 claim_2     claimant_1        claimant_2  similarity\n",
